image: map3.png 
resolution: 1
# origin: [-12.200000, -13.800000, 0.000000]
origin: [0,-0.5,0]
negate: 0
occupied_thresh: 0.2 #0.65
free_thresh: 1 #0.196
