image: room4.png
resolution: 1.0
origin: [0.000000, -0.500000, 0.000000]
negate: 0
occupied_thresh: 0.4
free_thresh: 0.1

