image: room2.png
resolution: 0.1
origin: [0.000000, 0.00000, 0.000000]
negate: 0
occupied_thresh: 0.4
free_thresh: 0.1

